   -10.000      6.067 
    -9.980      5.634 
    -9.960      6.436 
    -9.940      5.546 
    -9.920      6.547 
    -9.900      5.051 
    -9.880      5.265 
    -9.860      6.339 
    -9.840      4.996 
    -9.820      5.713 
    -9.800      6.084 
    -9.780      5.758 
    -9.760      5.898 
    -9.740      5.543 
    -9.720      5.768 
    -9.700      5.714 
    -9.680      6.553 
    -9.660      5.786 
    -9.640      5.766 
    -9.620      4.969 
    -9.600      6.296 
    -9.580      5.652 
    -9.560      5.664 
    -9.540      6.176 
    -9.520      6.449 
    -9.499      5.581 
    -9.479      5.425 
    -9.459      5.304 
    -9.439      5.931 
    -9.419      6.030 
    -9.399      6.016 
    -9.379      5.971 
    -9.359      6.246 
    -9.339      6.658 
    -9.319      6.134 
    -9.299      5.890 
    -9.279      6.457 
    -9.259      5.053 
    -9.239      5.791 
    -9.219      6.984 
    -9.199      5.465 
    -9.179      6.602 
    -9.159      7.366 
    -9.139      6.212 
    -9.119      5.668 
    -9.099      6.702 
    -9.079      6.029 
    -9.059      7.183 
    -9.039      7.260 
    -9.019      6.189 
    -8.999      5.960 
    -8.979      6.352 
    -8.959      6.716 
    -8.939      6.598 
    -8.919      5.816 
    -8.899      5.830 
    -8.879      6.237 
    -8.859      6.322 
    -8.839      6.393 
    -8.819      6.808 
    -8.799      6.423 
    -8.779      5.762 
    -8.759      6.222 
    -8.739      5.881 
    -8.719      6.035 
    -8.699      5.032 
    -8.679      6.119 
    -8.659      6.388 
    -8.639      6.299 
    -8.619      5.728 
    -8.599      5.874 
    -8.579      4.949 
    -8.559      5.564 
    -8.539      5.522 
    -8.519      4.807 
    -8.498      5.543 
    -8.478      5.011 
    -8.458      5.773 
    -8.438      4.917 
    -8.418      5.943 
    -8.398      4.760 
    -8.378      5.634 
    -8.358      5.683 
    -8.338      5.684 
    -8.318      5.157 
    -8.298      6.201 
    -8.278      5.692 
    -8.258      6.569 
    -8.238      5.450 
    -8.218      5.775 
    -8.198      5.088 
    -8.178      5.656 
    -8.158      7.098 
    -8.138      6.800 
    -8.118      5.482 
    -8.098      5.449 
    -8.078      6.822 
    -8.058      6.174 
    -8.038      6.002 
    -8.018      6.458 
    -7.998      6.211 
    -7.978      6.364 
    -7.958      7.178 
    -7.938      6.325 
    -7.918      6.007 
    -7.898      6.698 
    -7.878      6.738 
    -7.858      6.474 
    -7.838      6.275 
    -7.818      6.564 
    -7.798      6.291 
    -7.778      5.765 
    -7.758      5.448 
    -7.738      6.203 
    -7.718      6.627 
    -7.698      6.377 
    -7.678      6.235 
    -7.658      6.859 
    -7.638      6.109 
    -7.618      6.403 
    -7.598      6.380 
    -7.578      5.902 
    -7.558      6.147 
    -7.538      6.164 
    -7.518      6.011 
    -7.497      5.837 
    -7.477      6.548 
    -7.457      5.616 
    -7.437      4.648 
    -7.417      5.843 
    -7.397      5.842 
    -7.377      5.424 
    -7.357      5.652 
    -7.337      6.040 
    -7.317      5.788 
    -7.297      6.080 
    -7.277      4.645 
    -7.257      5.541 
    -7.237      4.258 
    -7.217      5.061 
    -7.197      4.985 
    -7.177      4.750 
    -7.157      5.741 
    -7.137      5.707 
    -7.117      5.646 
    -7.097      5.627 
    -7.077      5.435 
    -7.057      5.888 
    -7.037      5.564 
    -7.017      4.885 
    -6.997      6.143 
    -6.977      5.502 
    -6.957      5.798 
    -6.937      6.409 
    -6.917      4.728 
    -6.897      5.820 
    -6.877      6.407 
    -6.857      6.053 
    -6.837      6.763 
    -6.817      5.647 
    -6.797      7.045 
    -6.777      6.819 
    -6.757      6.871 
    -6.737      5.950 
    -6.717      6.495 
    -6.697      7.336 
    -6.677      5.985 
    -6.657      6.223 
    -6.637      7.057 
    -6.617      6.772 
    -6.597      6.639 
    -6.577      6.679 
    -6.557      5.988 
    -6.537      6.991 
    -6.517      5.529 
    -6.496      6.790 
    -6.476      6.479 
    -6.456      6.841 
    -6.436      7.161 
    -6.416      6.806 
    -6.396      6.752 
    -6.376      6.498 
    -6.356      6.369 
    -6.336      6.001 
    -6.316      6.467 
    -6.296      5.611 
    -6.276      6.867 
    -6.256      5.999 
    -6.236      6.220 
    -6.216      5.396 
    -6.196      5.727 
    -6.176      6.032 
    -6.156      6.550 
    -6.136      5.454 
    -6.116      4.653 
    -6.096      5.431 
    -6.076      5.085 
    -6.056      4.306 
    -6.036      5.325 
    -6.016      5.647 
    -5.996      5.543 
    -5.976      5.167 
    -5.956      5.524 
    -5.936      5.885 
    -5.916      5.021 
    -5.896      4.950 
    -5.876      5.420 
    -5.856      5.589 
    -5.836      5.520 
    -5.816      5.404 
    -5.796      5.865 
    -5.776      6.445 
    -5.756      6.060 
    -5.736      5.874 
    -5.716      5.869 
    -5.696      5.753 
    -5.676      6.440 
    -5.656      5.802 
    -5.636      6.418 
    -5.616      5.797 
    -5.596      6.259 
    -5.576      6.887 
    -5.556      6.326 
    -5.536      6.062 
    -5.516      7.239 
    -5.495      5.594 
    -5.475      6.356 
    -5.455      7.250 
    -5.435      6.580 
    -5.415      6.530 
    -5.395      6.982 
    -5.375      6.333 
    -5.355      7.028 
    -5.335      6.653 
    -5.315      6.839 
    -5.295      7.116 
    -5.275      7.345 
    -5.255      6.305 
    -5.235      6.310 
    -5.215      6.410 
    -5.195      6.098 
    -5.175      7.162 
    -5.155      6.096 
    -5.135      6.458 
    -5.115      6.711 
    -5.095      6.472 
    -5.075      6.330 
    -5.055      5.997 
    -5.035      6.164 
    -5.015      5.215 
    -4.995      6.074 
    -4.975      4.783 
    -4.955      5.939 
    -4.935      5.578 
    -4.915      5.362 
    -4.895      4.594 
    -4.875      6.001 
    -4.855      4.910 
    -4.835      5.428 
    -4.815      4.962 
    -4.795      5.063 
    -4.775      4.788 
    -4.755      4.858 
    -4.735      4.910 
    -4.715      5.400 
    -4.695      5.695 
    -4.675      5.714 
    -4.655      4.846 
    -4.635      5.193 
    -4.615      5.632 
    -4.595      5.351 
    -4.575      4.816 
    -4.555      5.188 
    -4.535      4.936 
    -4.515      4.923 
    -4.494      5.456 
    -4.474      5.965 
    -4.454      5.410 
    -4.434      5.007 
    -4.414      6.108 
    -4.394      5.538 
    -4.374      6.978 
    -4.354      6.316 
    -4.334      6.398 
    -4.314      6.558 
    -4.294      5.761 
    -4.274      5.620 
    -4.254      6.452 
    -4.234      6.732 
    -4.214      6.995 
    -4.194      6.768 
    -4.174      6.936 
    -4.154      7.235 
    -4.134      5.867 
    -4.114      7.518 
    -4.094      6.886 
    -4.074      7.214 
    -4.054      6.538 
    -4.034      7.035 
    -4.014      7.610 
    -3.994      7.000 
    -3.974      7.229 
    -3.954      6.072 
    -3.934      7.058 
    -3.914      6.833 
    -3.894      6.179 
    -3.874      6.307 
    -3.854      5.854 
    -3.834      6.476 
    -3.814      6.456 
    -3.794      6.206 
    -3.774      6.037 
    -3.754      5.348 
    -3.734      5.977 
    -3.714      6.343 
    -3.694      6.064 
    -3.674      5.203 
    -3.654      6.067 
    -3.634      6.213 
    -3.614      5.238 
    -3.594      5.020 
    -3.574      4.324 
    -3.554      4.410 
    -3.534      4.684 
    -3.514      5.571 
    -3.493      4.631 
    -3.473      5.170 
    -3.453      5.354 
    -3.433      4.571 
    -3.413      4.842 
    -3.393      4.772 
    -3.373      5.282 
    -3.353      5.115 
    -3.333      4.602 
    -3.313      5.063 
    -3.293      4.925 
    -3.273      4.532 
    -3.253      5.066 
    -3.233      5.896 
    -3.213      4.664 
    -3.193      6.223 
    -3.173      5.722 
    -3.153      6.648 
    -3.133      6.595 
    -3.113      5.862 
    -3.093      5.723 
    -3.073      6.515 
    -3.053      5.883 
    -3.033      5.029 
    -3.013      7.307 
    -2.993      6.255 
    -2.973      8.196 
    -2.953      6.547 
    -2.933      7.110 
    -2.913      6.345 
    -2.893      8.438 
    -2.873      8.727 
    -2.853      7.197 
    -2.833      8.325 
    -2.813      7.440 
    -2.793      7.540 
    -2.773      8.108 
    -2.753      7.596 
    -2.733      8.022 
    -2.713      7.428 
    -2.693      7.741 
    -2.673      7.053 
    -2.653      6.998 
    -2.633      5.980 
    -2.613      5.540 
    -2.593      7.096 
    -2.573      6.031 
    -2.553      5.766 
    -2.533      6.278 
    -2.513      6.290 
    -2.492      5.036 
    -2.472      5.171 
    -2.452      6.333 
    -2.432      5.382 
    -2.412      5.343 
    -2.392      4.211 
    -2.372      6.119 
    -2.352      4.951 
    -2.332      4.741 
    -2.312      4.155 
    -2.292      4.126 
    -2.272      4.188 
    -2.252      4.289 
    -2.232      4.590 
    -2.212      4.154 
    -2.192      5.015 
    -2.172      3.970 
    -2.152      4.541 
    -2.132      3.895 
    -2.112      4.940 
    -2.092      4.875 
    -2.072      3.882 
    -2.052      4.703 
    -2.032      5.103 
    -2.012      4.953 
    -1.992      4.422 
    -1.972      5.243 
    -1.952      5.535 
    -1.932      5.589 
    -1.912      5.582 
    -1.892      5.784 
    -1.872      6.975 
    -1.852      6.804 
    -1.832      6.702 
    -1.812      5.991 
    -1.792      7.310 
    -1.772      7.887 
    -1.752      7.992 
    -1.732      7.874 
    -1.712      7.662 
    -1.692      8.046 
    -1.672      7.335 
    -1.652      7.239 
    -1.632      8.096 
    -1.612      8.382 
    -1.592      9.429 
    -1.572      8.493 
    -1.552      8.987 
    -1.532      8.822 
    -1.512      8.576 
    -1.491      8.732 
    -1.471      8.585 
    -1.451      8.006 
    -1.431      8.912 
    -1.411      8.250 
    -1.391      7.460 
    -1.371      7.839 
    -1.351      7.810 
    -1.331      7.458 
    -1.311      7.613 
    -1.291      6.368 
    -1.271      6.305 
    -1.251      6.572 
    -1.231      4.482 
    -1.211      5.399 
    -1.191      5.486 
    -1.171      5.698 
    -1.151      3.338 
    -1.131      3.767 
    -1.111      3.771 
    -1.091      2.684 
    -1.071      3.334 
    -1.051      3.141 
    -1.031      2.441 
    -1.011      1.967 
    -0.991      1.639 
    -0.971      1.443 
    -0.951      2.122 
    -0.931      2.074 
    -0.911      1.919 
    -0.891      0.903 
    -0.871      1.945 
    -0.851      1.606 
    -0.831      1.873 
    -0.811      1.890 
    -0.791      1.772 
    -0.771      3.402 
    -0.751      2.016 
    -0.731      3.386 
    -0.711      2.946 
    -0.691      4.557 
    -0.671      5.543 
    -0.651      5.738 
    -0.631      5.953 
    -0.611      6.526 
    -0.591      7.333 
    -0.571      7.476 
    -0.551      8.638 
    -0.531      9.024 
    -0.511     10.199 
    -0.490     11.205 
    -0.470     11.917 
    -0.450     12.510 
    -0.430     14.598 
    -0.410     14.929 
    -0.390     15.344 
    -0.370     15.980 
    -0.350     16.927 
    -0.330     17.018 
    -0.310     19.151 
    -0.290     19.493 
    -0.270     21.426 
    -0.250     21.437 
    -0.230     22.377 
    -0.210     22.465 
    -0.190     23.122 
    -0.170     23.529 
    -0.150     24.267 
    -0.130     26.106 
    -0.110     24.188 
    -0.090     25.559 
    -0.070     25.526 
    -0.050     26.053 
    -0.030     25.872 
    -0.010     25.879 
     0.010     25.797 
     0.030     26.596 
     0.050     25.087 
     0.070     25.209 
     0.090     24.979 
     0.110     24.808 
     0.130     25.020 
     0.150     24.518 
     0.170     23.344 
     0.190     22.404 
     0.210     21.297 
     0.230     22.612 
     0.250     21.078 
     0.270     20.545 
     0.290     20.205 
     0.310     19.584 
     0.330     17.788 
     0.350     17.449 
     0.370     16.493 
     0.390     15.529 
     0.410     15.231 
     0.430     13.601 
     0.450     13.110 
     0.470     12.047 
     0.490     11.183 
     0.511     10.852 
     0.531      9.027 
     0.551      8.451 
     0.571      7.677 
     0.591      7.592 
     0.611      7.544 
     0.631      5.936 
     0.651      5.273 
     0.671      4.085 
     0.691      3.971 
     0.711      4.069 
     0.731      3.279 
     0.751      2.855 
     0.771      2.355 
     0.791      2.056 
     0.811      2.487 
     0.831      1.713 
     0.851      2.273 
     0.871      1.569 
     0.891      1.197 
     0.911      2.065 
     0.931      1.288 
     0.951      1.418 
     0.971      1.041 
     0.991      1.881 
     1.011      1.968 
     1.031      2.627 
     1.051      2.327 
     1.071      3.306 
     1.091      3.118 
     1.111      4.064 
     1.131      4.136 
     1.151      4.269 
     1.171      4.086 
     1.191      4.744 
     1.211      5.435 
     1.231      5.269 
     1.251      5.634 
     1.271      5.940 
     1.291      6.290 
     1.311      6.804 
     1.331      8.074 
     1.351      7.966 
     1.371      7.726 
     1.391      7.929 
     1.411      7.325 
     1.431      8.220 
     1.451      8.292 
     1.471      7.945 
     1.491      7.796 
     1.512      7.666 
     1.532      8.065 
     1.552      8.316 
     1.572      8.044 
     1.592      9.229 
     1.612      7.830 
     1.632      8.318 
     1.652      6.738 
     1.672      8.339 
     1.692      8.159 
     1.712      7.971 
     1.732      7.045 
     1.752      7.722 
     1.772      7.659 
     1.792      6.831 
     1.812      8.194 
     1.832      5.274 
     1.852      7.246 
     1.872      6.365 
     1.892      4.935 
     1.912      5.210 
     1.932      5.418 
     1.952      4.966 
     1.972      5.076 
     1.992      5.018 
     2.012      4.429 
     2.032      4.389 
     2.052      4.779 
     2.072      3.317 
     2.092      4.404 
     2.112      4.459 
     2.132      4.458 
     2.152      3.670 
     2.172      4.098 
     2.192      3.997 
     2.212      3.617 
     2.232      4.789 
     2.252      4.324 
     2.272      3.383 
     2.292      4.761 
     2.312      5.755 
     2.332      5.559 
     2.352      4.519 
     2.372      4.366 
     2.392      6.075 
     2.412      4.702 
     2.432      5.317 
     2.452      6.460 
     2.472      5.292 
     2.492      5.590 
     2.513      6.352 
     2.533      6.912 
     2.553      6.162 
     2.573      6.415 
     2.593      6.445 
     2.613      5.549 
     2.633      6.238 
     2.653      6.902 
     2.673      7.522 
     2.693      7.495 
     2.713      7.155 
     2.733      7.247 
     2.753      7.188 
     2.773      7.602 
     2.793      7.088 
     2.813      7.437 
     2.833      7.355 
     2.853      7.279 
     2.873      7.449 
     2.893      6.977 
     2.913      7.605 
     2.933      7.810 
     2.953      7.848 
     2.973      7.866 
     2.993      7.098 
     3.013      6.164 
     3.033      6.190 
     3.053      6.706 
     3.073      6.853 
     3.093      5.612 
     3.113      6.084 
     3.133      6.600 
     3.153      5.438 
     3.173      5.910 
     3.193      5.974 
     3.213      4.859 
     3.233      5.949 
     3.253      5.349 
     3.273      4.725 
     3.293      4.380 
     3.313      5.522 
     3.333      4.976 
     3.353      4.688 
     3.373      4.258 
     3.393      5.107 
     3.413      4.137 
     3.433      4.544 
     3.453      5.237 
     3.473      4.862 
     3.493      4.670 
     3.514      5.224 
     3.534      4.452 
     3.554      4.371 
     3.574      4.969 
     3.594      5.569 
     3.614      4.846 
     3.634      5.000 
     3.654      6.155 
     3.674      6.116 
     3.694      5.402 
     3.714      5.132 
     3.734      5.422 
     3.754      6.310 
     3.774      5.986 
     3.794      5.643 
     3.814      4.995 
     3.834      6.164 
     3.854      6.303 
     3.874      6.267 
     3.894      7.015 
     3.914      7.196 
     3.934      6.908 
     3.954      6.515 
     3.974      6.492 
     3.994      7.262 
     4.014      6.762 
     4.034      6.693 
     4.054      8.169 
     4.074      7.191 
     4.094      7.090 
     4.114      6.712 
     4.134      6.704 
     4.154      7.833 
     4.174      7.034 
     4.194      6.735 
     4.214      6.372 
     4.234      6.070 
     4.254      6.282 
     4.274      6.524 
     4.294      6.755 
     4.314      8.114 
     4.334      6.788 
     4.354      5.838 
     4.374      5.959 
     4.394      6.290 
     4.414      6.520 
     4.434      5.477 
     4.454      5.967 
     4.474      5.752 
     4.494      6.174 
     4.515      5.628 
     4.535      5.989 
     4.555      5.025 
     4.575      5.190 
     4.595      4.735 
     4.615      6.029 
     4.635      5.048 
     4.655      4.845 
     4.675      5.547 
     4.695      4.780 
     4.715      5.659 
     4.735      4.925 
     4.755      5.390 
     4.775      4.852 
     4.795      5.670 
     4.815      5.979 
     4.835      5.112 
     4.855      5.007 
     4.875      5.387 
     4.895      5.223 
     4.915      5.788 
     4.935      6.143 
     4.955      6.183 
     4.975      5.755 
     4.995      5.639 
     5.015      5.216 
     5.035      6.360 
     5.055      6.566 
     5.075      6.383 
     5.095      6.996 
     5.115      6.049 
     5.135      5.863 
     5.155      7.464 
     5.175      5.660 
     5.195      6.651 
     5.215      6.341 
     5.235      5.664 
     5.255      7.472 
     5.275      6.598 
     5.295      6.253 
     5.315      6.416 
     5.335      6.380 
     5.355      6.432 
     5.375      5.754 
     5.395      7.244 
     5.415      6.324 
     5.435      6.549 
     5.455      6.719 
     5.475      6.559 
     5.495      6.146 
     5.516      6.527 
     5.536      6.215 
     5.556      6.369 
     5.576      6.778 
     5.596      6.522 
     5.616      5.751 
     5.636      5.738 
     5.656      5.754 
     5.676      6.026 
     5.696      5.437 
     5.716      6.517 
     5.736      5.500 
     5.756      5.319 
     5.776      6.969 
     5.796      4.932 
     5.816      5.233 
     5.836      6.148 
     5.856      4.951 
     5.876      5.509 
     5.896      5.446 
     5.916      5.330 
     5.936      6.142 
     5.956      4.990 
     5.976      5.450 
     5.996      5.637 
     6.016      5.589 
     6.036      5.122 
     6.056      5.524 
     6.076      5.590 
     6.096      4.913 
     6.116      4.258 
     6.136      5.189 
     6.156      5.306 
     6.176      4.886 
     6.196      5.110 
     6.216      5.563 
     6.236      5.050 
     6.256      6.413 
     6.276      6.330 
     6.296      5.873 
     6.316      5.753 
     6.336      6.557 
     6.356      6.112 
     6.376      6.396 
     6.396      6.596 
     6.416      7.106 
     6.436      5.907 
     6.456      6.749 
     6.476      6.570 
     6.496      7.551 
     6.517      6.762 
     6.537      6.918 
     6.557      6.463 
     6.577      5.640 
     6.597      5.568 
     6.617      6.762 
     6.637      6.101 
     6.657      6.420 
     6.677      5.643 
     6.697      6.222 
     6.717      5.328 
     6.737      5.697 
     6.757      5.432 
     6.777      6.519 
     6.797      6.465 
     6.817      6.060 
     6.837      5.671 
     6.857      5.332 
     6.877      5.533 
     6.897      5.893 
     6.917      5.569 
     6.937      6.243 
     6.957      4.954 
     6.977      5.919 
     6.997      5.595 
     7.017      6.130 
     7.037      5.840 
     7.057      5.285 
     7.077      4.779 
     7.097      5.496 
     7.117      4.814 
     7.137      5.765 
     7.157      4.424 
     7.177      6.543 
     7.197      5.578 
     7.217      5.024 
     7.237      5.202 
     7.257      5.495 
     7.277      5.186 
     7.297      4.935 
     7.317      5.349 
     7.337      5.619 
     7.357      5.999 
     7.377      5.469 
     7.397      5.937 
     7.417      5.464 
     7.437      5.457 
     7.457      5.267 
     7.477      6.124 
     7.497      6.098 
     7.518      5.258 
     7.538      5.632 
     7.558      5.981 
     7.578      5.996 
     7.598      5.847 
     7.618      7.552 
     7.638      6.996 
     7.658      6.226 
     7.678      6.586 
     7.698      5.868 
     7.718      6.439 
     7.738      6.879 
     7.758      6.786 
     7.778      6.006 
     7.798      5.678 
     7.818      6.359 
     7.838      6.240 
     7.858      6.365 
     7.878      6.811 
     7.898      6.498 
     7.918      6.515 
     7.938      6.608 
     7.958      6.897 
     7.978      5.894 
     7.998      6.931 
     8.018      5.375 
     8.038      5.999 
     8.058      6.383 
     8.078      6.103 
     8.098      6.963 
     8.118      5.597 
     8.138      6.135 
     8.158      5.285 
     8.178      6.134 
     8.198      5.630 
     8.218      6.180 
     8.238      4.864 
     8.258      6.035 
     8.278      5.643 
     8.298      5.716 
     8.318      3.939 
     8.338      5.215 
     8.358      5.020 
     8.378      6.283 
     8.398      5.498 
     8.418      4.756 
     8.438      4.881 
     8.458      5.722 
     8.478      4.883 
     8.498      5.611 
     8.519      6.098 
     8.539      5.349 
     8.559      5.808 
     8.579      5.052 
     8.599      5.574 
     8.619      5.336 
     8.639      6.038 
     8.659      5.654 
     8.679      5.539 
     8.699      6.251 
     8.719      5.560 
     8.739      4.597 
     8.759      6.393 
     8.779      5.544 
     8.799      5.074 
     8.819      6.800 
     8.839      6.376 
     8.859      6.634 
     8.879      6.427 
     8.899      5.426 
     8.919      6.461 
     8.939      6.381 
     8.959      6.024 
     8.979      7.138 
     8.999      6.129 
     9.019      5.668 
     9.039      7.073 
     9.059      6.400 
     9.079      6.549 
     9.099      6.196 
     9.119      6.122 
     9.139      5.905 
     9.159      5.530 
     9.179      6.174 
     9.199      6.405 
     9.219      5.926 
     9.239      5.673 
     9.259      6.147 
     9.279      6.261 
     9.299      6.836 
     9.319      6.443 
     9.339      5.358 
     9.359      7.284 
     9.379      6.383 
     9.399      6.301 
     9.419      6.017 
     9.439      6.093 
     9.459      6.000 
     9.479      6.501 
     9.499      5.448 
     9.520      5.498 
     9.540      5.937 
     9.560      6.127 
     9.580      5.804 
     9.600      5.637 
     9.620      4.751 
     9.640      5.713 
     9.660      6.045 
     9.680      6.605 
     9.700      5.700 
     9.720      6.557 
     9.740      6.029 
     9.760      5.494 
     9.780      6.350 
     9.800      5.363 
     9.820      6.471 
     9.840      5.293 
     9.860      5.754 
     9.880      5.335 
     9.900      4.678 
     9.920      5.625 
     9.940      5.437 
     9.960      6.310 
     9.980      6.593 
    10.000      5.726 
